$ 1 0.000005 10.20027730826997 50 5 43 5e-11
r 176 80 384 80 0 10
s 384 80 448 80 0 1 false
w 176 80 176 352 0
c 384 352 176 352 4 0.000015 -0.00001916813128830082 -10 0
l 384 80 384 352 0 0.43 -1.1739710169321017e-7 0
v 448 352 448 80 0 0 40 2.5 0 0 0.5
r 384 352 448 352 0 100
a 688 0 800 0 9 5 0 1000000 1.7844652216194994 2.5 100000
r 800 0 880 0 0 20
r 704 -64 784 -64 0 10000
w 608 16 688 16 0
w 608 16 608 -64 0
w 608 -64 704 -64 0
w 784 -64 880 -64 0
w 880 -64 880 0 0
w 688 -16 544 -16 0
w 448 352 608 352 0
w 464 -32 384 -32 0
w 384 -32 384 80 0
r 976 32 976 352 0 50
w 608 352 976 352 0
S 544 -16 464 -16 0 0 false 0 2
w 448 80 448 0 0
w 448 0 464 0 0
r 608 80 608 352 0 10000
w 608 80 608 16 0
w 880 0 976 0 0
w 976 0 976 32 0
o 17 64 0 4099 0.00244140625 0.00009765625 0 2 17 3
o 19 64 0 4099 5 0.2 1 2 19 3
38 3 F1 0 0.000001 0.000101 -1 Capacitance
38 4 F1 0 0.01 1.01 -1 Inductance
38 0 F1 0 1 101 -1 Resistance
h 1 4 3
